0.9957716701902748	0.0021141649048625794	0.0021141649048625794
0.9105145413870246	0.03803131991051454	0.05145413870246085
0.0020876826722338203	0.9958246346555324	0.0020876826722338203
0.11772665764546685	0.8700947225981055	0.012178619756427604
0.9107662463627546	0.0009699321047526673	0.08826382153249272
0.8899328859060402	0.087248322147651	0.022818791946308724
0.7683941138835573	0.2271273192578375	0.004478566858605247
0.8645903859174001	0.1008801624915369	0.034529451591062965
0.9087719298245615	0.017543859649122806	0.07368421052631578
0.005235602094240838	0.993717277486911	0.0010471204188481676
0.09262166405023547	0.8712715855572999	0.03610675039246468
0.05325443786982249	0.005917159763313609	0.9408284023668639
0.025041736227045076	0.9666110183639399	0.008347245409015025
0.000784313725490196	0.000784313725490196	0.9984313725490196
0.004374453193350831	0.0008748906386701663	0.994750656167979
0.05283757338551859	0.9452054794520548	0.0019569471624266144
0.7646033129904097	0.23452484742807322	0.0008718395815170009
0.9760191846522782	0.007194244604316547	0.016786570743405275
0.7200474495848161	0.25029655990510086	0.02965599051008304
0.046532045654082525	0.0553116769095698	0.8981562774363476
