0.9746300211416491	0.023255813953488372	0.0021141649048625794
0.8747203579418344	0.07829977628635347	0.04697986577181208
0.0020876826722338203	0.9958246346555324	0.0020876826722338203
0.14208389715832206	0.8565629228687416	0.0013531799729364006
0.8603297769156159	0.0009699321047526673	0.13870029097963144
0.8308724832214766	0.16778523489932887	0.0013422818791946308
0.8848368522072937	0.1145233525271913	0.0006397952655150352
0.8686526743398781	0.07379823967501693	0.05754908598510494
0.9157894736842105	0.02456140350877193	0.05964912280701754
0.0010471204188481676	0.9979057591623036	0.0010471204188481676
0.17111459968602827	0.7613814756671899	0.06750392464678179
0.04142011834319527	0.01775147928994083	0.9408284023668639
0.021702838063439065	0.9632721202003339	0.015025041736227046
0.000784313725490196	0.000784313725490196	0.9984313725490196
0.0008748906386701663	0.0008748906386701663	0.9982502187226596
0.04500978473581213	0.9412915851272016	0.0136986301369863
0.7558849171752398	0.24324324324324326	0.0008718395815170009
0.9760191846522782	0.002398081534772182	0.02158273381294964
0.7508896797153025	0.22894424673784106	0.020166073546856466
0.0553116769095698	0.04302019315188762	0.9016681299385426
